0000068D
00000000
00000000
00000000
00000000
00000000
00000000
00000000
00000000
00000000
00000000
00000000
00000000
00000000
00000000
00000000
00000000
00000000
00000000
00000000
00000000
00000000
00000000
00000000
00000000
00000000
00000000
00000000
00000000
00000000
00000000
00000000
00000000
00000000
00000000
00000000
00000000
00000080
00000000
0000000A
00000000
000007C1
00000000
000007C3
00000000
000007C1
00000000
000004A0
00000000
000004D2
00000000
00000000
00000000
000007C1
00000000
00000000
00000000
00000000
00000000
00000000
00000000
00000000
00000000
00000000
00000000
00000000
00000000
00000000
00000000
00000000
00000000
00000000
00000000
00000000
00000000
00000000
00000000
00000000
00000000
00000000
00000000
00000000
00000000
00000000
00000000
00000000
00000000
00000000
00000000
00000000
00000000
00000000
00000000
00000000
00000000
00000000
00000000
00000000
00000000
00000000
00000000
00000000
00000000
00000000
00000000
00000000
00000000
00000000
00000000
00000000
00000000
00000000
00000000
00000000
00000000
00000000
00000000
00000000
00000000
00000000
00000000
00000000
00000000
00000000
00000000
00000000
00000000
00000000
00000000
00000000
00000000
00000000
00000000
00000000
00000000
00000000
00000000
00000000
00000000
00000000
00000000
00000000
00000000
00000000
00000000
00000000
00000000
00000000
00000000
00000000
00000000
00000000
00000000
00000000
00000000
00000000
00000000
00000000
00000000
00000000
00000000
00000000
00000000
00000000
00000000
00000000
00000000
00000000
00000000
00000000
00000000
00000000
00000000
00000000
00000000
00000000
00000000
00000000
00000000
00000000
00000000
00000000
00000000
00000000
00000000
00000000
00000000
00000000
00000000
00000000
00000000
00000000
00000000
00000000
00000000
00000000
00000000
00000000
00000000
00000000
00000000
00000000
00000000
00000000
00000000
00000000
00000000
00000000
00000000
00000000
00000000
00000000
00000000
00000000
00000000
00000000
00000000
00000000
00000000
00000000
00000000
00000000
00000000
00000000
00000000
00000000
00000000
00000000
00000000
00000000
00000000
00000000
00000000
00000000
00000000
00000000
00000000
00000000
00000000
00000000
00000000
00000000
00000000
00000000
00000000
00000000
00000000
00000000
00000000
00000000
00000000
00000000
00000000
00000000
00000000
00000000
00000000
00000000
00000000
00000000
00000000
00000000
00000000
00000000
00000000
00000000
564F4405
00000000
00005241
00000000
1805E79E
00000000
00000101
00000000
003C3002
00000000
1179E79E
00000000
03000109
00000000
1A69405E
00000000
0A05E79E
00000000
FFFFFFFF
00000000
00000105
00000000
2B4D5503
00000000
1769E79E
00000000
03000110
00000000
1A69405E
00000000
0A05E79E
00000000
00000001
00000000
0000010C
00000000
55443F04
00000000
00000050
00000000
1A79E79E
00000000
02000118
00000000
1A05E79E
00000000
0179E79E
00000000
00000113
00000000
454E4407
00000000
45544147
00000000
10710297
00000000
00000001
00000000
1A79E79E
00000000
03000121
00000000
1805E79E
00000000
1829705E
00000000
00000001
00000000
0000011A
00000000
53424103
00000000
1A45E79E
00000000
03000128
00000000
0179E79E
00000000
1029705E
00000000
00000001
00000000
00000124
00000000
00003D01
00000000
1479E79E
00000000
0200012F
00000000
1A69405E
00000000
0A05E79E
00000000
FFFFFFFF
00000000
0000012B
00000000
003E4202
00000000
1C749719
00000000
1861D295
00000000
000000FF
00000000
0B29550E
00000000
FFFFFF00
00000000
0F64179E
00000000
00000132
00000000
00423E02
00000000
1C749719
00000000
1861D68A
00000000
000000FF
00000000
1534E68A
00000000
000000FF
00000000
1534E68A
00000000
000000FF
00000000
1534E68A
00000000
000000FF
00000000
1534E719
00000000
1829505E
00000000
000000FF
00000000
0000013A
00000000
454B3F04
00000000
00000059
00000000
0A74B05E
00000000
80000002
00000000
00000148
00000000
59454B03
00000000
0A74B79E
00000000
80000002
00000000
0200014E
00000000
0A74B05E
00000000
80000003
00000000
0000014D
00000000
494D4504
00000000
00000054
00000000
0A74B79E
00000000
80000001
00000000
02000156
00000000
0A74F05E
00000000
80000001
00000000
00000154
00000000
003C5502
00000000
1A71C69D
00000000
1865851E
00000000
04000106
00000000
02000164
00000000
1C75865F
00000000
04000106
00000000
0179E79E
00000000
105CA5DE
00000000
00000001
00000000
04000106
00000000
0179E79E
00000000
0000015C
00000000
00003C01
00000000
1A71C69D
00000000
1865851E
00000000
04000106
00000000
02000171
00000000
1F79E79E
00000000
04000106
00000000
0179E79E
00000000
105CA5DE
00000000
00000001
00000000
04000106
00000000
0179E79E
00000000
00000169
00000000
58414D03
00000000
1A71C69D
00000000
1865879E
00000000
0400016A
00000000
0200017C
00000000
1C75865E
00000000
1F05E79E
00000000
00000176
00000000
4E494D03
00000000
1A71C69D
00000000
1865871D
00000000
1865E79E
00000000
0400016A
00000000
02000185
00000000
1C75865E
00000000
1F05E79E
00000000
0000017E
00000000
54495706
00000000
004E4948
00000000
1B417297
00000000
00000001
00000000
1C417297
00000000
00000001
00000000
1879E79E
00000000
0400015D
00000000
0179E79E
00000000
00000187
00000000
2F4D5506
00000000
00444F4D
00000000
1029775C
00000000
00000001
00000000
1971D618
00000000
0000019E
00000000
00000191
00000000
4F4D2F04
00000000
00000044
00000000
1029771D
00000000
00000001
00000000
1829E79E
00000000
00000000
16596596
00000000
16596596
00000000
16596596
00000000
16596596
00000000
16596596
00000000
16596596
00000000
16596294
00000000
00000001
00000000
1271F619
00000000
0179E79E
00000000
00000198
00000000
444F4D03
00000000
0400019A
00000000
1F05E79E
00000000
000001A9
00000000
00002F01
00000000
0400019A
00000000
1C7D805E
00000000
000001AD
00000000
4D2F4D05
00000000
0000444F
00000000
1A79E79E
00000000
04000106
00000000
1A71E79E
00000000
020001BB
00000000
1029771E
00000000
00000001
00000000
0400011C
00000000
1879E79E
00000000
1C69E79E
00000000
04000106
00000000
020001BF
00000000
1869C5DE
00000000
1879E79E
00000000
04000193
00000000
1879E79E
00000000
020001C7
00000000
1C758650
00000000
0A5DC758
00000000
00000001
00000000
1979E79E
00000000
0179E79E
00000000
000001B1
00000000
2A4D5503
00000000
1D2934D3
00000000
00000000
134D34D3
00000000
134D34D3
00000000
134D34D3
00000000
134D34D3
00000000
134D34D3
00000000
134D34DC
00000000
1F65805E
00000000
000001C9
00000000
00002A01
00000000
040001CA
00000000
1F05E79E
00000000
000001D4
00000000
002A4D02
00000000
1A71C69D
00000000
1865851E
00000000
04000106
00000000
1C79E79E
00000000
04000125
00000000
1C75865E
00000000
04000125
00000000
040001CA
00000000
1879E79E
00000000
020001E4
00000000
0400011C
00000000
0179E79E
00000000
000001D8
00000000
4D2F2A05
00000000
0000444F
00000000
1C79E79E
00000000
040001D9
00000000
1879E79E
00000000
040001B3
00000000
0179E79E
00000000
000001E6
00000000
002F2A02
00000000
040001E8
00000000
1C75865F
00000000
0179E79E
00000000
000001EE
00000000
48433E05
00000000
00005241
00000000
0A55A28A
00000000
0000007F
00000000
0000007F
00000000
00000020
00000000
04000189
00000000
020001FD
00000000
1F29E79E
00000000
0000005F
00000000
0179E79E
00000000
000001F3
00000000
52454804
00000000
00000045
00000000
0A74B05E
00000000
00000027
00000000
000001FF
00000000
44415003
00000000
0A74B297
00000000
00000027
00000000
00000050
00000000
0179E79E
00000000
00000204
00000000
42495403
00000000
0A74B05E
00000000
00000024
00000000
0000020A
00000000
58454008
00000000
54554345
00000000
00000045
00000000
1D2DE79E
00000000
04000115
00000000
02000215
00000000
1C05E79E
00000000
0179E79E
00000000
0000020E
00000000
4F4D4305
00000000
00004556
00000000
1C79E79E
00000000
00000220
00000000
1C69D2D8
00000000
1A71D3CA
00000000
00000001
00000000
1760A5DE
00000000
00000001
00000000
0500021B
00000000
1F7C179E
00000000
00000217
00000000
4C494604
00000000
0000004C
00000000
1C75865C
00000000
1C75865E
00000000
0000022C
00000000
1A71C69D
00000000
1865874F
00000000
0A5DE79E
00000000
00000001
00000000
05000228
00000000
1F7C179E
00000000
00000223
00000000
43415005
00000000
0000244B
00000000
1A70A29D
00000000
00000002
00000000
0000002B
00000000
0F75A70E
00000000
0F65871E
00000000
00000241
00000000
04000133
00000000
0A74B79E
00000000
0000002B
00000000
0200023E
00000000
0B2973DE
00000000
FFFFFFFF
00000000
00000241
00000000
0A3CA5DE
00000000
00000003
00000000
00000001
00000000
05000237
00000000
1D2CA54E
00000000
FFFFFF00
00000000
0F64A74B
00000000
0000002B
00000000
0200024A
00000000
0B2973DE
00000000
FFFFFFFF
00000000
00000242
00000000
1F7D805E
00000000
0000022F
00000000
002F3402
00000000
1248179E
00000000
0000024C
00000000
504E5507
00000000
244B4341
00000000
1A71E79E
00000000
0400013B
00000000
0A55E79E
00000000
0000001F
00000000
0400024D
00000000
1C79E79E
00000000
0000025A
00000000
0400013B
00000000
1F79E79E
00000000
05000258
00000000
1F7D805E
00000000
0000024F
00000000
504E5506
00000000
004B4341
00000000
1A71E79E
00000000
0400013B
00000000
0A55E79E
00000000
000000FF
00000000
0400024D
00000000
1C79E79E
00000000
00000268
00000000
0400013B
00000000
1F79E79E
00000000
05000266
00000000
1F7D805E
00000000
0000025D
00000000
47494405
00000000
00005449
00000000
0A6DE79E
00000000
00000009
00000000
0400016A
00000000
0A557297
00000000
00000007
00000000
00000030
00000000
0179E79E
00000000
0000026B
00000000
54584507
00000000
54434152
00000000
0A71D619
00000000
00000000
04000193
00000000
1C75865E
00000000
0400026D
00000000
0179E79E
00000000
00000275
00000000
00233C02
00000000
04000205
00000000
0A74F05E
00000000
00000020
00000000
0000027E
00000000
4C4F4804
00000000
00000044
00000000
0A74B297
00000000
00000020
00000000
FFFFFFFF
00000000
1A29D3DD
00000000
00000020
00000000
0F05E79E
00000000
00000283
00000000
00002301
00000000
0A74B79E
00000000
00000025
00000000
04000277
00000000
04000285
00000000
0179E79E
00000000
0000028C
00000000
00532302
00000000
0400028D
00000000
1A79E79E
00000000
02000298
00000000
00000294
00000000
0179E79E
00000000
00000293
00000000
47495304
00000000
0000004E
00000000
04000106
00000000
020002A1
00000000
0A79E79E
00000000
0000002D
00000000
04000285
00000000
0179E79E
00000000
0000029A
00000000
003E2302
00000000
1F29D2DE
00000000
00000020
00000000
04000205
00000000
1B417297
00000000
00000001
00000000
0179E79E
00000000
000002A3
00000000
72747303
00000000
1A71E79E
00000000
04000125
00000000
0400027F
00000000
04000294
00000000
1879E79E
00000000
0400029C
00000000
040002A4
00000000
0179E79E
00000000
000002AB
00000000
58454803
00000000
0A29D3C1
00000000
00000010
00000000
00000025
00000000
000002B5
00000000
43454407
00000000
4C414D49
00000000
0A29D3C1
00000000
0000000A
00000000
00000025
00000000
000002BA
00000000
47494406
00000000
003F5449
00000000
1C2905CA
00000000
00000030
00000000
00000001
00000000
1729B79E
00000000
00000009
00000000
0400016A
00000000
020002D1
00000000
0A417297
00000000
00000007
00000000
00000001
00000000
1A29E79E
00000000
0000000A
00000000
0400016A
00000000
10710615
00000000
1079E79E
00000000
1A61E79E
00000000
0400015D
00000000
0179E79E
00000000
000002C0
00000000
4D554E07
00000000
3F524542
00000000
0A74B70A
00000000
00000025
00000000
00000000
1B749719
00000000
186DD2CA
00000000
00000024
00000000
0400012C
00000000
020002E5
00000000
040002B6
00000000
1C75864A
00000000
00000001
00000000
1771D619
00000000
0A5DE79E
00000000
FFFFFFFF
00000000
1B74B29E
00000000
0000002D
00000000
0400012C
00000000
1C71D619
00000000
1869C417
00000000
0A5DC758
00000000
00000001
00000000
1961A717
00000000
04000115
00000000
02000307
00000000
0A5DC79E
00000000
FFFFFFFF
00000000
1A71D2CA
00000000
00000025
00000000
1D2DE79E
00000000
040002C2
00000000
02000303
00000000
1C75864A
00000000
00000025
00000000
1D2DE79E
00000000
040001D5
00000000
1760A5DE
00000000
00000001
00000000
050002F1
00000000
1F61A71E
00000000
02000301
00000000
1029779E
00000000
00000001
00000000
1C75865E
00000000
00000306
00000000
1861F7DF
00000000
1F29E79E
00000000
00000000
1A79E79E
00000000
187DF60A
00000000
00000025
00000000
1D3C179E
00000000
000002D5
00000000
41505305
00000000
00004543
00000000
0A79E79E
00000000
00000020
00000000
04000156
00000000
0179E79E
00000000
0000030B
00000000
41484305
00000000
00005352
00000000
1C75864A
00000000
00000000
04000177
00000000
1C79E79E
00000000
0000031B
00000000
1A79E79E
00000000
04000156
00000000
05000319
00000000
1F05E79E
00000000
00000312
00000000
41505306
00000000
00534543
00000000
0A79E79E
00000000
00000020
00000000
04000314
00000000
0179E79E
00000000
0000031E
00000000
50595404
00000000
00000045
00000000
1C79E79E
00000000
0000032E
00000000
1A74B79E
00000000
040001F5
00000000
04000156
00000000
0A5DE79E
00000000
00000001
00000000
05000329
00000000
1F05E79E
00000000
00000325
00000000
00524302
00000000
0A29E79E
00000000
0000000A
00000000
0000000D
00000000
04000156
00000000
04000156
00000000
0179E79E
00000000
00000331
00000000
246F6403
00000000
1861A70A
00000000
00000030
00000000
0400025F
00000000
1869C61D
00000000
0B29579E
00000000
000000FF
00000000
0400024D
00000000
0A5D771C
00000000
00000001
00000000
1D619701
00000000
00000339
00000000
7C222403
00000000
0400033A
00000000
0179E79E
00000000
00000345
00000000
7C222E03
00000000
0400033A
00000000
1D25C658
00000000
04000327
00000000
0179E79E
00000000
00000349
00000000
00522E02
00000000
1C79E79E
00000000
040002AC
00000000
186D05CA
00000000
00000001
00000000
1779E79E
00000000
04000320
00000000
04000327
00000000
0179E79E
00000000
0000034F
00000000
522E5503
00000000
1C79E79E
00000000
0400027F
00000000
04000294
00000000
040002A4
00000000
186D05CA
00000000
00000001
00000000
1779E79E
00000000
04000320
00000000
04000327
00000000
0179E79E
00000000
00000359
00000000
002E5502
00000000
0400027F
00000000
04000294
00000000
040002A4
00000000
0400030D
00000000
04000327
00000000
0179E79E
00000000
00000365
00000000
00002E01
00000000
0A74B294
00000000
00000025
00000000
0000000A
00000000
02000374
00000000
04000366
00000000
0179E79E
00000000
040002AC
00000000
0400030D
00000000
04000327
00000000
0179E79E
00000000
0000036D
00000000
00003F01
00000000
1D2DE79E
00000000
0400036E
00000000
0179E79E
00000000
00000379
00000000
61702807
00000000
29657372
00000000
0A74F6DC
00000000
0000002B
00000000
1A79E79E
00000000
020003B3
00000000
0A5CA74B
00000000
FFFFFFFF
00000000
0000002B
00000000
0A79E79E
00000000
00000020
00000000
0400012C
00000000
02000399
00000000
1C79E79E
00000000
0A6DD2D0
00000000
00000020
00000000
1729779E
00000000
00000001
00000000
04000106
00000000
1079E79E
00000000
02000398
00000000
0A5DE79E
00000000
00000001
00000000
0500038C
00000000
187CA681
00000000
00000000
1879E79E
00000000
1B71D619
00000000
1C79E79E
00000000
0A74B6DD
00000000
0000002B
00000000
0B417297
00000000
00000001
00000000
0A74B29E
00000000
0000002B
00000000
00000020
00000000
0400012C
00000000
020003A5
00000000
04000106
00000000
020003AB
00000000
0A5DE79E
00000000
00000001
00000000
0500039B
00000000
1A71E79E
00000000
000003AE
00000000
187DA297
00000000
00000001
00000000
1C79E79E
00000000
1B417297
00000000
00000001
00000000
186105CA
00000000
00000001
00000000
1705E79E
00000000
1B6105CA
00000000
00000001
00000000
1705E79E
00000000
0000037E
00000000
52415005
00000000
00004553
00000000
1C79E79E
00000000
0400020B
00000000
0A74B5CA
00000000
00000022
00000000
00000023
00000000
1D2CA74B
00000000
00000022
00000000
105CA5D8
00000000
00000001
00000000
04000380
00000000
0A74B5CF
00000000
00000022
00000000
0179E79E
00000000
000003B7
00000000
4B4F5405
00000000
00004E45
00000000
0A79E79E
00000000
00000020
00000000
040003B9
00000000
0A79E79E
00000000
0000001F
00000000
0400017F
00000000
1A71C69D
00000000
1865868A
00000000
00000030
00000000
1D3CA297
00000000
00000030
00000000
00000001
00000000
1C75865E
00000000
04000219
00000000
04000201
00000000
0A5DE79E
00000000
00000001
00000000
04000231
00000000
0179E79E
00000000
000003C7
00000000
524F5704
00000000
00000044
00000000
040003B9
00000000
04000201
00000000
0A5DE79E
00000000
00000001
00000000
04000231
00000000
0179E79E
00000000
000003DD
00000000
4D414E05
00000000
00003E45
00000000
1A74B295
00000000
0000001F
00000000
0400024D
00000000
1729705E
00000000
00000001
00000000
000003E6
00000000
4D415305
00000000
00003F45
00000000
0A55E79E
00000000
0000001F
00000000
0400024D
00000000
1C79E79E
00000000
000003FD
00000000
1B61A717
00000000
1D2DB61A
00000000
1C5DD2D0
00000000
1729779E
00000000
00000001
00000000
04000115
00000000
020003FD
00000000
187C179E
00000000
050003F5
00000000
0A05E79E
00000000
00000000
000003EE
00000000
6E696604
00000000
00000064
00000000
1C75865A
00000000
1D2CA74F
00000000
0000002B
00000000
1A74B70A
00000000
00000001
00000000
1771D619
00000000
1D2DA79E
00000000
02000418
00000000
1A74B295
00000000
FFFFFF3F
00000000
1869C51E
00000000
02000413
00000000
0A5CA79E
00000000
00000001
00000000
FFFFFFFF
00000000
00000417
00000000
0A5CA74B
00000000
00000001
00000000
0000002B
00000000
040003F0
00000000
0000041C
00000000
187DC758
00000000
1929771D
00000000
FFFFFFFF
00000000
1864179E
00000000
02000421
00000000
0A5CA5DE
00000000
FFFFFFFF
00000000
FFFFFFFF
00000000
00000409
00000000
187DC758
00000000
197CA5DA
00000000
FFFFFFFF
00000000
040003E8
00000000
1C758641
00000000
00000401
00000000
4D414E05
00000000
00003F45
00000000
0A79E79E
00000000
00000026
00000000
04000403
00000000
0179E79E
00000000
00000427
00000000
00485E02
00000000
1C6D871D
00000000
1865B51E
00000000
0200043C
00000000
0A79E79E
00000000
00000008
00000000
04000156
00000000
0A5CA79E
00000000
FFFFFFFF
00000000
00000020
00000000
04000156
00000000
0A79E79E
00000000
00000008
00000000
04000156
00000000
0179E79E
00000000
0000042E
00000000
50415403
00000000
1A79E79E
00000000
04000156
00000000
1B74F297
00000000
00000001
00000000
0179E79E
00000000
0000043E
00000000
41546B04
00000000
00000050
00000000
1A29479E
00000000
0000000D
00000000
02000453
00000000
0A51E79E
00000000
00000008
00000000
02000451
00000000
0A79E79E
00000000
00000020
00000000
0400043F
00000000
00000452
00000000
0400042F
00000000
0179E79E
00000000
1F71D619
00000000
1F68179E
00000000
00000445
00000000
63636106
00000000
00747065
00000000
1B5DB79E
00000000
1A71C69D
00000000
1865851E
00000000
02000468
00000000
0400014E
00000000
1A2905CA
00000000
00000020
00000000
00000001
00000000
1729E79E
00000000
0000005F
00000000
0400015D
00000000
02000466
00000000
0400043F
00000000
00000467
00000000
04000447
00000000
00000459
00000000
1F6D05CA
00000000
00000001
00000000
1705E79E
00000000
00000456
00000000
50584506
00000000
00544345
00000000
04000458
00000000
0A74F7C1
00000000
00000021
00000000
0000046C
00000000
45555105
00000000
00005952
00000000
0400020B
00000000
0A79E79E
00000000
00000050
00000000
04000458
00000000
0A74F7CA
00000000
00000023
00000000
00000000
0A74F05E
00000000
00000022
00000000
00000472
00000000
4F424105
00000000
00005452
00000000
0A79E79E
00000000
0000002A
00000000
04000211
00000000
0179E79E
00000000
0000047E
00000000
6F626106
00000000
00227472
00000000
0200048C
00000000
0400033A
00000000
1D25C658
00000000
04000327
00000000
04000480
00000000
0400033A
00000000
1F05E79E
00000000
00000485
00000000
52524505
00000000
0000524F
00000000
1F79E79E
00000000
0400030D
00000000
0A749719
00000000
00000030
00000000
1879E79E
00000000
04000327
00000000
0A79E79E
00000000
0000003F
00000000
04000156
00000000
04000332
00000000
04000480
00000000
0000048F
00000000
4E49240A
00000000
50524554
00000000
00544552
00000000
04000429
00000000
04000115
00000000
020004AC
00000000
1D2CA55E
00000000
00000040
00000000
04000487
00000000
6D6F630C
00000000
656C6970
00000000
6C6E6F20
00000000
00000079
00000000
1C05E79E
00000000
0179E79E
00000000
1F29E79E
00000000
00000030
00000000
040002D7
00000000
020004B1
00000000
0179E79E
00000000
04000491
00000000
0000049D
00000000
00005B81
00000000
0A29D3C1
00000000
000004A0
00000000
00000029
00000000
000004B3
00000000
4B4F2E03
00000000
0A29D2DE
00000000
000004A0
00000000
00000029
00000000
0400012C
00000000
020004C1
00000000
0400034A
00000000
4B4F2003
00000000
04000332
00000000
0179E79E
00000000
000004B8
00000000
41564504
00000000
0000004C
00000000
040003C9
00000000
1A74B79E
00000000
020004CC
00000000
0A79E79E
00000000
00000029
00000000
04000211
00000000
000004C5
00000000
1F79E79E
00000000
040004B9
00000000
0179E79E
00000000
000004C3
00000000
49555104
00000000
00000054
00000000
0A29D3DE
00000000
00000080
00000000
00000024
00000000
040004B4
00000000
04000474
00000000
040004C5
00000000
000004D6
00000000
000004D0
00000000
00002701
00000000
040003C9
00000000
04000429
00000000
020004DF
00000000
0179E79E
00000000
04000491
00000000
000004DA
00000000
4C4C4105
00000000
0000544F
00000000
0A74B5CF
00000000
00000027
00000000
0179E79E
00000000
000004E1
00000000
00002C01
00000000
04000201
00000000
1A29729D
00000000
00000001
00000000
00000027
00000000
0F74F05E
00000000
000004E7
00000000
4F435B89
00000000
4C49504D
00000000
00005D45
00000000
040004DB
00000000
0A5DE79E
00000000
04000000
00000000
040004E8
00000000
0179E79E
00000000
000004EE
00000000
4D4F4307
00000000
454C4950
00000000
1869D2DE
00000000
040004E8
00000000
0A5DC05E
00000000
00000001
00000000
000004F7
00000000
54494C87
00000000
4C415245
00000000
0A79E79E
00000000
0A79E79E
00000000
040004E8
00000000
040004E8
00000000
0179E79E
00000000
000004FE
00000000
222C2403
00000000
0A79E79E
00000000
00000022
00000000
040003DF
00000000
1A74B295
00000000
000000FF
00000000
0400024D
00000000
1729729D
00000000
00000001
00000000
00000027
00000000
0F79E79E
00000000
0179E79E
00000000
00000506
00000000
41432806
00000000
00294C4C
00000000
0A54A41C
00000000
00FFFFFF
00000000
04000000
00000000
10615401
00000000
00000513
00000000
4E553F07
00000000
45555149
00000000
1A79E79E
00000000
04000429
00000000
02000526
00000000
0A749719
00000000
00000030
00000000
1879E79E
00000000
04000327
00000000
0400034A
00000000
44657206
00000000
00206665
00000000
1F05E79E
00000000
0000051A
00000000
6E2C2403
00000000
1A74B79E
00000000
02000536
00000000
0400051C
00000000
1A79E79E
00000000
040003E8
00000000
0A74F68A
00000000
00000027
00000000
00000028
00000000
1D3CA5CA
00000000
FFFFFFFF
00000000
00000026
00000000
1D2DC758
00000000
1974F05E
00000000
04000491
00000000
00000528
00000000
4F432408
00000000
4C49504D
00000000
00000045
00000000
04000429
00000000
04000115
00000000
02000546
00000000
1D2CA55E
00000000
00000080
00000000
02000543
00000000
1C05E79E
00000000
00000545
00000000
04000515
00000000
040004E8
00000000
0179E79E
00000000
1F29E79E
00000000
00000030
00000000
040002D7
00000000
0200054C
00000000
04000500
00000000
0179E79E
00000000
04000491
00000000
00000538
00000000
45564F05
00000000
00005452
00000000
0A74B29D
00000000
00000028
00000000
00000026
00000000
0F05E79E
00000000
0000054E
00000000
00003B81
00000000
0A79E79E
00000000
0179E79E
00000000
040004E8
00000000
040004B4
00000000
04000550
00000000
0179E79E
00000000
00000555
00000000
00005D01
00000000
0A29D3C1
00000000
0000053B
00000000
00000029
00000000
0000055D
00000000
00003A01
00000000
040003C9
00000000
04000529
00000000
0400055E
00000000
0179E79E
00000000
00000562
00000000
2B6D6403
00000000
1B29E79E
00000000
00000006
00000000
0400035A
00000000
0400030D
00000000
1C79E79E
00000000
00000574
00000000
1A74B29E
00000000
00000009
00000000
0400035A
00000000
0A5DE79E
00000000
00000001
00000000
0500056F
00000000
0179E79E
00000000
00000568
00000000
4D554404
00000000
00000050
00000000
0A74B71E
00000000
00000025
00000000
040002B6
00000000
0A79E79E
00000000
00000008
00000000
040001AE
00000000
1C79E79E
00000000
00000585
00000000
04000332
00000000
0A79E79E
00000000
00000008
00000000
04000569
00000000
05000581
00000000
1F60A74F
00000000
00000025
00000000
0179E79E
00000000
00000577
00000000
414E3E05
00000000
0000454D
00000000
0A79E79E
00000000
00000026
00000000
1D2DA79E
00000000
0200059B
00000000
1A71C69D
00000000
1865879E
00000000
040003E8
00000000
1479E79E
00000000
02000598
00000000
0A5DE79E
00000000
FFFFFFFF
00000000
0000059A
00000000
1C75865F
00000000
0179E79E
00000000
0000058E
00000000
1C75865F
00000000
0179E79E
00000000
0000058A
00000000
44492E03
00000000
0A79E79E
00000000
00000030
00000000
04000251
00000000
1D25C658
00000000
0A55E79E
00000000
0000001F
00000000
04000327
00000000
0400030D
00000000
0179E79E
00000000
0000059E
00000000
45455303
00000000
040004DB
00000000
04000332
00000000
0A71E79E
00000000
00000020
00000000
1A74B68A
00000000
3F000000
00000000
1529479E
00000000
04000000
00000000
020005B6
00000000
04000366
00000000
0400030D
00000000
000005BC
00000000
0A55E79E
00000000
00FFFFFF
00000000
0400058C
00000000
04000115
00000000
020005BC
00000000
0400059F
00000000
0A5DE79E
00000000
00000001
00000000
050005AE
00000000
0400014E
00000000
0A79E79E
00000000
0000000D
00000000
0400012C
00000000
020005AC
00000000
1F05E79E
00000000
000005A9
00000000
524F5705
00000000
00005344
00000000
04000332
00000000
0A79E79E
00000000
00000026
00000000
1D2DE79E
00000000
04000115
00000000
020005D4
00000000
1A79E79E
00000000
0400030D
00000000
0400059F
00000000
0A5DE79E
00000000
FFFFFFFF
00000000
000005CB
00000000
0179E79E
00000000
000005C6
00000000
00532E02
00000000
04000205
00000000
1D34D34D
00000000
0D34D34D
00000000
0D34D34D
00000000
0D34D34D
00000000
0D34D34D
00000000
0D34D34D
00000000
0D34D35E
00000000
04000205
00000000
0A71E79E
00000000
00000021
00000000
1A79E79E
00000000
0400037A
00000000
0A5DE79E
00000000
00000001
00000000
050005E2
00000000
1F79E79E
00000000
04000205
00000000
1D2DE79E
00000000
04000332
00000000
0179E79E
00000000
000005D6
00000000
41455204
00000000
00000044
00000000
04000205
00000000
0400014E
00000000
1A29479E
00000000
0000001A
00000000
020005F7
00000000
1B74F297
00000000
00000001
00000000
000005F0
00000000
1F79E79E
00000000
04000205
00000000
105CA5CA
00000000
00000001
00000000
00000021
00000000
1D3C179E
00000000
000005ED
00000000
004B4F02
00000000
0A74B70A
00000000
00000024
00000000
00000023
00000000
1D2DC29D
00000000
00000022
00000000
0B71E79E
00000000
04000205
00000000
0A74F29D
00000000
00000024
00000000
00000021
00000000
0B29D3CA
00000000
00000023
00000000
00000000
0A74F79E
00000000
00000022
00000000
040004C5
00000000
1829D3D8
00000000
00000022
00000000
0A74F60A
00000000
00000023
00000000
00000024
00000000
1D3C179E
00000000
000005FE
00000000
4E455304
00000000
00000044
00000000
04000332
00000000
1C79E79E
00000000
0000062A
00000000
1A74B79E
00000000
0400027F
00000000
0A71E79E
00000000
00000007
00000000
0400028D
00000000
0500061F
00000000
040002A4
00000000
04000327
00000000
0A5DA295
00000000
00000001
00000000
00000007
00000000
02000629
00000000
0400030D
00000000
0000062A
00000000
04000332
00000000
0500061B
00000000
1F05E79E
00000000
00000616
00000000
524F4606
00000000
00544547
00000000
040003C9
00000000
04000429
00000000
04000115
00000000
0200063B
00000000
0A5DA29D
00000000
FFFFFFFF
00000000
00000027
00000000
0F74B68A
00000000
00000026
00000000
1D3CA74F
00000000
00000028
00000000
1F05E79E
00000000
04000491
00000000
0000062D
00000000
41494408
00000000
534F4E47
00000000
00000045
00000000
0A29E79E
00000000
00000065
00000000
00000000
04000106
00000000
0A79E79E
00000000
FFFFFFFE
00000000
04000106
00000000
0400010D
00000000
1F29E79E
00000000
00000003
00000000
0400010D
00000000
0400010D
00000000
1F29E79E
00000000
00000043
00000000
0400010D
00000000
1F28A50A
00000000
0000004F
00000000
0000006F
00000000
000000F0
00000000
15290710
00000000
0000004F
00000000
1855028A
00000000
00000008
00000000
00000006
00000000
1C75865B
00000000
1429554A
00000000
00000003
00000000
00000070
00000000
0400010D
00000000
1F29E79E
00000000
00000000
02000662
00000000
0A79E79E
00000000
0000003F
00000000
0A79E79E
00000000
FFFFFFFF
00000000
02000668
00000000
0A79E79E
00000000
00000074
00000000
0000066A
00000000
0A79E79E
00000000
00000021
00000000
0A29D3CA
00000000
00000068
00000000
00000040
00000000
00000040
00000000
1D2CA718
00000000
0000004D
00000000
1A71854A
00000000
00000061
00000000
0A71E79E
00000000
0000000A
00000000
0A79E79E
00000000
00000001
00000000
0400010D
00000000
1F79E79E
00000000
05000674
00000000
0A28A74D
00000000
00000050
00000000
00000003
00000000
00000030
00000000
0D29D249
00000000
00000030
00000000
1428A79E
00000000
0000656D
00000000
01000000
00000000
040001CA
00000000
1C75864E
00000000
0E38A28A
00000000
00002043
00000000
00000000
00000100
00000000
04000193
00000000
0179E79E
00000000
0000063D
00000000
4C4F4304
00000000
00000044
00000000
04000640
00000000
04000332
00000000
0400034A
00000000
33506507
00000000
76207132
00000000
040002BC
00000000
0A79E79E
00000000
000000CD
00000000
0400027F
00000000
0400028D
00000000
0400028D
00000000
0A79E79E
00000000
0000002E
00000000
04000285
00000000
0400028D
00000000
040002A4
00000000
04000327
00000000
04000332
00000000
040004D2
00000000
0000068B
00000000
47454285
00000000
00004E49
00000000
04000201
00000000
0179E79E
00000000
000006A1
00000000
45485484
00000000
0000004E
00000000
040006A3
00000000
1C75865D
00000000
0B5CF05E
00000000
000006A6
00000000
524F4683
00000000
0A79E79E
00000000
1C79E79E
00000000
040004E8
00000000
040006A3
00000000
0179E79E
00000000
000006AC
00000000
58454E84
00000000
00000054
00000000
0A41C418
00000000
05000000
00000000
1541E79E
00000000
040004E8
00000000
0179E79E
00000000
000006B3
00000000
544E5585
00000000
00004C49
00000000
0A41C418
00000000
02000000
00000000
1541E79E
00000000
040004E8
00000000
0179E79E
00000000
000006BB
00000000
41474185
00000000
00004E49
00000000
0A41C418
00000000
00000000
1541E79E
00000000
040004E8
00000000
0179E79E
00000000
000006C3
00000000
00464982
00000000
040006A3
00000000
0A79E79E
00000000
02000000
00000000
040004E8
00000000
0179E79E
00000000
000006CB
00000000
45484185
00000000
00004441
00000000
040006A3
00000000
0A79E79E
00000000
00000000
040004E8
00000000
0179E79E
00000000
000006D2
00000000
50455286
00000000
00544145
00000000
040006C5
00000000
040006A8
00000000
0179E79E
00000000
000006DA
00000000
54464183
00000000
1F79E79E
00000000
040006D4
00000000
040006A3
00000000
1C758641
00000000
000006E0
00000000
534C4584
00000000
00000045
00000000
040006D4
00000000
1C75865E
00000000
040006A8
00000000
0179E79E
00000000
000006E6
00000000
49485785
00000000
0000454C
00000000
040006CC
00000000
1C758641
00000000
000006ED
00000000
4F424186
00000000
00225452
00000000
0A79E79E
00000000
00000487
00000000
04000515
00000000
04000201
00000000
1D3DE79E
00000000
04000507
00000000
0179E79E
00000000
000006F2
00000000
00222482
00000000
0A79E79E
00000000
00000346
00000000
04000515
00000000
04000201
00000000
1D3DE79E
00000000
04000507
00000000
0179E79E
00000000
000006FC
00000000
00222E82
00000000
0A79E79E
00000000
0000034A
00000000
04000515
00000000
04000201
00000000
1D3DE79E
00000000
04000507
00000000
0179E79E
00000000
1805E79E
00000000
00000705
00000000
444F4304
00000000
00000045
00000000
040003C9
00000000
04000529
00000000
04000550
00000000
0179E79E
00000000
0000070F
00000000
45524306
00000000
00455441
00000000
04000711
00000000
0A79E79E
00000000
0000070D
00000000
04000515
00000000
040004E8
00000000
0179E79E
00000000
00000716
00000000
52415608
00000000
4C424149
00000000
00000045
00000000
04000718
00000000
0A79E79E
00000000
00000000
040004E8
00000000
0179E79E
00000000
0000071F
00000000
4E4F4308
00000000
4E415453
00000000
00000054
00000000
04000711
00000000
0A79E79E
00000000
0A040000
00000000
040004E8
00000000
040004E8
00000000
0179E79E
00000000
00000728
00000000
454F4404
00000000
00000053
00000000
1879E79E
00000000
04000515
00000000
0A74B79E
00000000
00000028
00000000
040003E8
00000000
1D3C179E
00000000
00000732
00000000
00282E82
00000000
0A79E79E
00000000
00000029
00000000
040003B9
00000000
04000327
00000000
0179E79E
00000000
0000073B
00000000
00005C81
00000000
0A74B29D
00000000
00000023
00000000
00000022
00000000
0F05E79E
00000000
00000742
00000000
00002881
00000000
0A79E79E
00000000
00000029
00000000
040003B9
00000000
1F7C179E
00000000
00000748
00000000
4D4D4909
00000000
41494445
00000000
00004554
00000000
0A29D2D7
00000000
00000080
00000000
00000028
00000000
0F05E79E
00000000
0000074E
00000000
49584504
00000000
00000054
00000000
187C179E
00000000
00000756
00000000
45584507
00000000
45545543
00000000
1C05E79E
00000000
0000075A
00000000
00002101
00000000
1D3C179E
00000000
0000075E
00000000
00004001
00000000
1D2C179E
00000000
00000761
00000000
003E5202
00000000
1875865C
00000000
0179E79E
00000000
00000764
00000000
00405202
00000000
1875869C
00000000
1970179E
00000000
00000768
00000000
00523E02
00000000
1875C65C
00000000
0179E79E
00000000
0000076C
00000000
41575304
00000000
00000050
00000000
1C758641
00000000
00000770
00000000
45564F04
00000000
00000052
00000000
1C69D619
00000000
0179E79E
00000000
00000774
00000000
52443205
00000000
0000504F
00000000
1F7C179E
00000000
00000779
00000000
00002B01
00000000
1705E79E
00000000
0000077D
00000000
544F4E03
00000000
1005E79E
00000000
00000780
00000000
47454E06
00000000
00455441
00000000
1029705E
00000000
00000001
00000000
00000783
00000000
002D3102
00000000
0A5C179E
00000000
FFFFFFFF
00000000
00000788
00000000
002B3102
00000000
0A5C179E
00000000
00000001
00000000
0000078C
00000000
004C4202
00000000
0A05E79E
00000000
00000020
00000000
00000790
00000000
00212B02
00000000
1D2D73C1
00000000
00000794
00000000
00002D01
00000000
105CA5C1
00000000
00000001
00000000
00000797
00000000
00524F02
00000000
10710615
00000000
1005E79E
00000000
0000079B
00000000
544F5203
00000000
1C71D618
00000000
1905E79E
00000000
0000079F
00000000
55443204
00000000
00000050
00000000
1A71C69D
00000000
1865805E
00000000
000007A3
00000000
00213202
00000000
1D70D60F
00000000
0179E79E
00000000
000007A8
00000000
00403202
00000000
1D24B05E
00000000
000007AC
00000000
554F4305
00000000
0000544E
00000000
1D25C658
00000000
0179E79E
00000000
000007AF
00000000
50554403
00000000
1A05E79E
00000000
000007B4
00000000
4F524404
00000000
00000050
00000000
1F05E79E
00000000
000007B7
00000000
444E4103
00000000
1505E79E
00000000
000007BB
00000000
524F5803
00000000
1405E79E
00000000
000007BE
00000000
4D4F4303
00000000
1005E79E
